6.787458e-02 0.000000e+00 0.000000e+00 0.000000e+00 0.000000e+00 0.000000e+00 0.000000e+00 0.000000e+00 0.000000e+00 0.000000e+00
1.079249e-01 2.381579e-01 0.000000e+00 0.000000e+00 0.000000e+00 0.000000e+00 0.000000e+00 0.000000e+00 0.000000e+00 0.000000e+00
6.671393e-04 1.468476e-01 2.960333e-01 0.000000e+00 0.000000e+00 0.000000e+00 0.000000e+00 0.000000e+00 0.000000e+00 0.000000e+00
4.939159e-06 7.698152e-04 2.056577e-01 -1.820988e-01 1.129996e-05 0.000000e+00 0.000000e+00 0.000000e+00 0.000000e+00 0.000000e+00
1.058391e-06 1.653062e-04 4.072929e-02 4.543946e-01 -3.368940e-01 6.785381e-05 0.000000e+00 0.000000e+00 0.000000e+00 0.000000e+00
3.527971e-07 8.403643e-05 2.284239e-02 2.501617e-01 7.729363e-01 2.768054e-02 5.466334e-03 0.000000e+00 0.000000e+00 0.000000e+00
0.000000e+00 1.002904e-05 2.285224e-03 2.536164e-02 7.600732e-02 3.579619e-01 -1.000387e-01 2.086269e-02 2.297478e-04 3.630729e-05
0.000000e+00 2.420803e-06 9.546954e-04 1.050602e-02 3.011440e-02 1.349560e-01 5.234715e-01 1.331524e-01 7.679838e-02 1.120764e-02
0.000000e+00 3.112460e-06 5.473237e-04 6.026843e-03 1.487452e-02 6.901776e-02 2.381664e-01 7.239956e-01 8.509317e-01 3.428431e-01
0.000000e+00 6.916579e-07 3.140705e-04 3.276255e-03 6.535146e-03 2.966777e-02 9.573702e-02 2.535737e-01 7.153653e-01 2.591663e+00
